1225 50 0 49
3 12 5
12 24 7
24 20 5
20 22 7
22 35 8
35 48 7
48 15 5
15 34 2
34 29 9
29 33 7
33 5 6
5 26 7
26 2 3
2 36 6
36 17 7
17 16 2
16 23 10
23 7 5
7 32 10
32 40 2
40 21 9
21 9 6
9 45 8
45 4 6
4 11 7
11 37 9
37 28 9
28 46 5
46 0 4
0 18 10
18 1 10
1 49 5
49 31 4
31 39 4
39 30 3
30 43 10
43 44 3
44 10 10
10 38 5
38 42 3
42 8 7
8 25 1
25 13 2
13 27 4
27 47 7
47 19 9
19 14 4
14 6 7
6 41 10
33 46 3
38 3 2
11 26 7
9 35 3
35 43 1
39 35 4
33 2 5
10 35 5
34 11 7
28 37 9
2 24 2
13 10 7
6 5 9
15 33 10
30 27 1
2 4 6
23 48 1
10 42 9
42 47 4
11 43 1
42 38 2
42 31 10
19 5 8
9 27 6
32 33 2
30 46 2
34 6 3
47 48 3
15 13 1
21 18 9
36 15 5
48 2 8
42 26 9
35 32 8
13 29 10
3 30 4
39 28 7
44 24 10
32 41 9
11 31 2
33 7 1
32 47 10
18 25 10
32 22 7
37 44 4
39 37 4
7 40 3
47 37 9
40 44 3
43 47 9
24 48 5
18 30 4
34 18 9
13 43 9
47 7 1
47 25 5
6 45 10
4 25 5
12 13 5
9 20 9
21 34 2
8 39 9
34 9 6
33 23 3
19 31 10
48 3 1
36 30 9
31 12 7
35 22 8
45 17 6
27 8 4
24 5 3
36 45 7
46 11 5
16 49 7
49 16 7
31 11 1
39 12 4
26 7 1
1 42 6
34 40 3
20 30 7
46 2 10
18 11 1
46 44 4
22 5 5
33 44 10
28 16 7
48 43 10
16 20 7
15 14 4
17 48 8
18 33 2
0 27 8
34 5 9
23 21 9
47 33 9
36 12 9
6 10 3
28 4 9
40 35 2
24 13 1
13 4 4
31 13 2
35 7 4
17 23 2
16 48 7
45 48 1
30 41 10
27 26 2
23 4 8
45 30 5
9 12 4
46 34 8
35 16 9
31 35 10
9 39 5
14 3 2
2 17 5
41 47 10
42 32 3
24 46 10
15 21 4
30 29 5
1 23 9
0 17 7
6 12 10
7 26 10
28 44 4
48 17 5
48 20 3
18 37 6
17 10 4
1 10 6
29 30 8
31 43 6
30 2 8
5 4 5
32 6 5
11 24 10
18 16 8
14 46 2
37 33 9
39 20 10
27 19 10
20 36 6
48 23 8
4 45 7
0 1 8
4 16 8
19 29 8
2 42 3
49 38 9
18 4 3
0 7 7
17 33 5
9 44 6
33 20 6
1 40 9
8 37 1
20 15 2
35 27 8
13 45 6
47 1 6
10 37 10
26 10 3
36 42 6
28 35 4
15 45 10
39 22 5
20 43 9
1 47 9
19 8 10
14 38 5
45 3 10
39 49 5
48 14 4
26 45 1
15 12 1
15 41 8
24 8 9
33 34 5
30 19 2
47 14 5
7 31 4
27 44 10
14 11 5
6 28 6
36 37 5
10 15 8
9 11 5
27 41 10
4 20 8
25 23 8
32 8 1
33 16 9
42 30 10
19 42 5
37 36 10
33 37 3
46 33 4
25 48 10
29 1 2
24 3 5
27 5 2
38 34 3
44 42 4
33 19 10
36 11 8
42 3 4
35 29 3
23 46 2
15 27 2
35 40 6
25 34 8
29 7 5
32 16 7
20 4 7
40 11 7
11 34 9
49 11 10
45 33 5
47 40 7
43 3 9
42 23 1
28 45 4
36 35 7
45 7 5
44 31 4
38 20 2
41 28 9
26 6 6
0 36 9
45 34 3
14 30 4
30 48 7
43 38 5
37 13 2
10 5 6
42 13 5
17 47 7
44 5 5
26 21 3
28 6 2
44 8 6
37 1 2
28 47 9
20 1 9
21 4 4
13 24 4
26 1 10
9 25 3
25 39 6
40 12 4
49 29 8
5 29 3
24 35 3
10 43 6
6 23 7
29 2 4
38 26 9
27 7 5
25 43 4
44 15 1
33 4 5
48 24 2
30 44 4
12 37 3
31 6 10
4 7 1
33 49 9
0 5 7
40 15 3
26 43 9
27 20 8
18 44 8
16 46 1
31 25 3
3 33 7
9 24 7
6 49 8
14 1 9
38 36 4
34 16 1
27 11 9
40 28 3
25 6 3
48 6 10
2 25 7
41 21 5
17 13 10
39 45 2
22 46 2
43 20 3
17 36 1
4 42 2
21 35 5
49 6 6
44 47 5
5 13 1
40 22 2
37 40 5
20 25 5
2 1 2
2 13 10
5 10 1
40 37 9
9 38 2
30 47 3
24 11 9
21 15 6
26 5 10
13 33 4
49 12 1
43 12 2
14 25 6
32 38 8
49 47 8
3 49 4
24 36 9
19 16 1
34 1 9
12 6 9
0 16 5
12 30 9
1 15 2
48 49 7
25 27 6
10 9 9
19 27 8
0 33 5
33 41 8
0 22 9
6 7 7
47 13 3
33 30 8
2 39 10
9 23 5
44 1 1
32 45 6
6 36 8
32 42 1
1 46 1
15 6 5
48 33 7
6 14 2
9 42 6
4 15 3
14 39 6
45 47 7
32 4 2
36 40 9
26 17 8
41 6 4
4 1 2
7 17 8
5 20 7
27 16 4
21 27 10
23 40 10
5 27 8
3 21 9
16 3 10
34 26 1
31 5 4
6 47 6
7 16 6
5 38 3
27 31 5
28 30 6
6 32 7
45 26 2
11 20 2
35 41 9
35 39 5
4 17 6
6 1 9
0 40 1
5 23 4
30 45 1
13 28 3
49 10 6
44 37 2
37 20 3
40 5 2
6 8 8
2 27 9
39 3 4
29 32 9
36 9 2
21 38 2
7 35 6
33 32 10
14 2 7
30 1 10
24 44 1
29 46 9
3 11 1
14 49 1
31 42 5
13 9 9
29 35 4
47 0 4
23 14 1
46 20 5
3 22 5
19 6 4
37 47 9
5 28 2
35 31 8
7 37 8
37 4 2
4 19 9
34 27 5
26 31 9
19 1 6
38 46 10
21 7 2
43 29 3
26 27 5
35 14 3
32 49 6
18 49 3
48 13 6
39 0 3
47 46 3
27 22 8
14 18 2
32 43 8
12 32 4
7 43 2
17 20 7
8 2 9
40 2 4
21 10 8
49 1 4
26 4 7
26 34 5
11 22 7
5 6 5
34 36 6
7 39 6
29 45 4
22 1 10
46 27 1
48 40 4
44 43 6
43 41 2
26 42 8
11 46 4
8 48 10
35 42 4
27 37 5
9 14 10
16 34 9
20 32 6
44 26 8
3 2 5
48 9 9
11 5 5
0 29 10
42 40 4
8 17 1
21 47 1
35 3 3
25 38 3
46 26 4
9 19 5
8 31 8
13 34 6
16 42 1
9 10 7
26 30 1
3 9 6
2 8 9
22 40 5
20 12 8
12 2 7
39 47 10
34 2 9
46 10 8
13 8 8
8 19 7
13 17 10
27 42 8
23 24 3
40 45 3
40 19 7
8 21 2
43 7 3
32 17 10
39 44 10
8 5 3
43 32 4
23 16 9
3 28 4
18 23 10
17 35 8
13 20 10
15 38 2
41 42 7
14 19 6
13 0 5
38 13 4
17 7 4
15 40 4
25 42 3
14 20 5
34 25 6
19 38 7
7 30 3
40 49 5
13 14 3
23 26 8
29 14 7
37 21 9
41 14 2
21 3 9
28 17 7
32 27 7
2 32 3
30 21 4
39 41 6
26 33 3
46 7 4
30 22 1
43 40 1
14 9 7
27 0 2
47 43 2
17 42 4
5 48 8
37 19 3
18 40 1
35 1 9
7 24 6
17 44 10
20 35 5
47 15 10
19 13 4
24 0 9
32 44 8
37 16 3
36 7 1
20 39 4
48 21 6
1 3 5
44 7 10
25 20 3
41 48 6
43 1 3
38 14 8
22 41 1
20 42 10
38 5 8
49 35 10
32 1 7
12 40 10
28 38 5
49 14 4
34 0 7
6 48 9
43 34 7
0 4 10
29 20 1
40 27 2
7 49 1
34 8 8
49 48 5
11 9 3
33 14 3
29 11 8
10 21 6
14 48 10
15 37 4
16 6 10
1 27 9
42 24 8
18 36 9
0 24 6
6 13 1
17 46 10
36 38 5
47 24 8
37 3 10
35 12 3
4 41 7
26 9 2
29 43 6
27 10 3
3 37 3
7 21 8
11 40 8
23 39 10
37 41 7
12 46 5
21 40 7
30 17 8
2 19 1
9 32 4
47 39 6
43 22 3
27 15 6
46 18 4
31 48 6
41 5 7
21 2 6
6 38 6
19 22 1
30 42 3
43 24 6
34 47 4
41 29 8
7 34 1
13 21 2
1 18 4
37 48 5
31 10 3
35 21 10
3 14 9
24 15 5
18 45 5
35 36 3
21 44 4
33 35 4
32 3 10
2 7 1
36 19 1
36 39 4
11 47 4
21 46 10
33 28 7
18 26 10
1 19 9
23 34 2
4 35 4
30 6 7
15 46 6
42 49 9
46 1 4
14 45 10
39 7 7
3 40 6
0 9 5
6 44 10
31 46 1
3 43 10
33 21 9
8 12 1
11 39 9
49 13 3
44 41 8
43 4 2
28 26 6
32 5 1
27 6 3
2 48 6
21 13 2
40 38 9
18 22 1
22 33 1
11 17 4
47 11 3
47 44 10
9 34 2
29 42 8
18 19 4
3 48 4
12 29 9
3 5 5
33 3 3
21 1 8
33 24 7
43 33 7
27 21 2
19 37 6
22 8 6
6 43 5
27 49 3
22 42 6
0 8 10
41 32 5
9 30 3
10 23 6
20 11 1
8 35 9
11 10 4
37 45 9
33 43 3
24 41 4
36 24 9
49 5 4
0 37 10
16 21 3
46 39 3
38 12 6
31 49 4
40 25 9
33 40 5
26 49 5
29 0 3
18 8 2
45 35 6
15 44 10
12 0 3
31 30 9
43 19 6
24 1 1
1 22 9
43 27 8
32 10 4
20 13 9
12 34 10
46 14 7
24 49 2
48 4 6
1 12 9
7 28 9
36 31 9
33 15 8
17 24 4
19 36 8
38 41 7
24 7 8
45 25 9
35 25 8
13 19 9
17 12 2
48 8 10
15 43 10
25 11 5
37 42 8
16 31 10
25 3 1
24 38 8
39 46 3
36 27 8
30 7 9
47 10 4
5 12 9
15 3 8
29 3 9
38 15 6
2 44 5
1 4 9
27 25 7
8 15 2
5 44 7
2 29 1
25 49 1
23 10 2
28 12 10
18 29 5
33 1 1
18 13 6
18 24 4
0 30 9
5 32 10
6 37 9
11 12 5
1 41 6
23 28 5
22 26 8
25 24 7
3 41 3
14 17 8
2 37 5
38 6 10
17 0 6
1 20 4
38 35 9
6 27 4
29 36 2
42 14 3
39 29 4
15 18 7
9 22 2
26 19 8
45 21 4
41 39 4
15 28 8
14 16 7
46 31 5
4 39 4
35 0 10
29 18 6
5 34 5
6 3 7
19 7 3
21 32 3
31 23 5
1 48 7
31 45 5
37 27 10
32 26 2
7 19 8
39 26 9
13 3 5
27 24 2
0 35 4
48 45 5
39 34 1
34 42 9
43 15 6
31 4 1
17 2 2
16 40 5
39 31 4
23 8 5
11 45 7
42 10 3
38 16 8
26 12 8
30 36 1
38 22 1
47 26 2
34 33 6
14 23 9
42 11 1
6 21 8
41 7 9
28 31 3
22 27 4
14 8 2
5 7 6
1 43 8
4 37 10
37 17 6
4 23 1
49 25 6
33 39 6
6 15 8
33 29 6
12 21 1
30 23 10
0 43 4
1 21 1
11 19 9
20 9 10
27 18 5
26 37 1
23 18 1
7 20 5
39 8 1
39 27 3
12 39 7
25 41 4
4 26 5
10 48 2
3 18 1
11 7 8
29 6 8
12 15 3
33 17 2
42 33 4
19 24 6
5 42 3
33 10 6
41 34 8
32 0 1
38 2 6
10 34 2
28 27 2
28 41 10
46 48 8
49 2 2
33 11 3
47 29 4
35 11 2
31 0 8
25 47 10
11 21 9
38 9 7
37 22 4
21 11 10
12 20 8
20 18 7
45 16 7
37 26 3
20 21 2
45 11 9
14 47 3
9 16 9
27 36 7
14 29 5
22 0 2
26 22 4
26 15 3
18 3 2
22 18 9
6 25 6
31 8 9
14 35 4
29 13 8
26 24 7
6 35 4
46 12 9
23 12 7
7 3 10
22 16 7
18 20 5
27 9 5
19 20 10
19 45 7
9 18 2
2 11 10
48 29 1
20 17 1
0 14 1
36 13 7
29 40 2
29 25 7
0 11 1
28 9 10
22 24 1
4 10 1
16 25 9
48 35 6
17 1 1
35 38 4
36 49 4
6 2 5
46 9 4
16 8 1
39 14 1
38 33 9
35 26 4
40 18 1
1 34 8
5 3 1
44 34 1
29 23 1
39 10 6
48 36 7
36 46 2
7 1 10
40 33 5
22 19 2
49 19 2
9 48 5
36 41 5
23 36 10
29 47 2
25 40 9
11 6 1
30 35 1
19 30 5
13 47 2
39 48 1
5 49 4
6 26 7
38 30 6
35 47 8
14 24 1
2 30 1
34 13 2
44 21 5
38 48 7
38 31 4
25 16 5
41 23 5
24 29 4
15 26 9
10 13 1
3 16 9
20 2 8
36 26 10
44 3 1
27 33 5
1 13 10
43 36 6
6 9 2
41 25 6
14 40 3
5 2 2
12 18 5
44 39 10
30 31 8
48 16 3
30 34 6
6 30 5
12 9 7
11 8 5
32 21 9
14 28 6
16 5 4
47 12 1
21 33 10
46 28 7
11 48 3
2 46 6
8 3 3
24 32 2
19 12 2
37 25 6
28 32 7
8 29 5
24 23 2
30 4 6
17 15 7
34 22 2
9 41 4
21 25 4
30 40 5
24 4 7
6 33 6
6 16 9
38 25 3
11 29 4
15 7 5
8 38 10
8 42 8
8 16 8
36 20 8
9 33 5
42 46 9
19 4 8
38 43 4
7 10 10
23 13 9
26 25 6
18 47 7
33 42 10
0 45 9
15 9 2
3 42 7
1 29 8
46 37 1
4 8 1
25 19 1
18 28 6
5 15 9
13 5 5
29 4 2
18 32 7
43 8 9
28 5 6
49 26 7
9 2 6
45 10 7
20 5 4
26 13 2
8 6 4
4 46 3
15 2 10
16 45 4
42 21 3
16 30 7
9 21 3
9 28 2
41 43 3
4 47 10
11 28 3
0 26 4
0 23 1
31 36 4
48 18 1
44 30 7
49 4 9
31 33 9
40 26 5
5 45 6
11 42 3
27 12 4
38 40 4
0 12 4
49 24 1
19 9 4
25 44 1
41 37 1
5 21 10
46 41 2
42 9 2
30 9 1
40 31 10
21 31 1
24 14 2
42 27 6
8 46 2
46 24 10
10 26 4
38 27 2
26 46 10
26 18 9
29 22 3
28 42 4
12 27 10
18 7 8
45 6 4
8 9 10
47 49 8
24 34 5
44 17 9
17 40 2
24 19 3
26 0 5
12 38 3
17 4 3
7 8 5
11 13 4
22 37 5
9 17 4
6 0 1
16 9 8
23 37 5
43 49 10
10 29 7
24 26 9
42 0 10
19 40 1
44 29 6
14 44 10
7 14 4
23 47 5
35 33 1
47 28 6
9 0 7
46 35 6
23 1 8
7 29 8
12 23 3
10 0 10
26 47 5
3 8 6
43 21 10
17 5 1
48 22 9
8 28 8
35 17 10
49 36 1
7 38 5
4 6 8
27 48 4
32 15 8
40 48 7
2 20 4
35 28 9
20 37 5
23 45 7
33 26 3
25 35 9
38 23 2
7 23 10
13 37 2
48 25 6
20 34 4
6 31 5
5 17 7
2 10 1
4 18 7
36 6 10
13 42 8
44 27 3
21 29 2
30 8 7
13 23 2
27 2 9
23 15 3
38 8 6
28 49 8
21 26 6
30 13 7
4 40 3
31 15 6
41 45 1
2 38 4
48 38 4
10 33 3
31 22 3
33 31 5
27 30 8
25 12 2
5 36 4
47 23 2
30 10 7
1 31 9
